-0.091440 0.190320 0.182800
-0.090560 0.189280 0.182880
-0.091200 0.190000 0.182640
-0.090160 0.188880 0.183200
-0.090960 0.189680 0.184320
-0.091040 0.190320 0.183680
-0.090800 0.190080 0.182800
-0.091200 0.190240 0.183680
-0.090640 0.189520 0.183680
-0.090640 0.190240 0.184640
-0.090720 0.190880 0.184560
-0.090960 0.189200 0.183920
-0.090320 0.190160 0.184960
-0.090880 0.189440 0.184720
-0.090000 0.189360 0.185200
-0.089760 0.188240 0.184800
-0.090240 0.189360 0.184800
-0.090560 0.189600 0.184880
-0.089920 0.189520 0.185680
-0.089600 0.188400 0.186080
-0.090240 0.189360 0.186560
-0.090320 0.188080 0.186240
-0.090000 0.188960 0.187040
-0.089920 0.188640 0.186960
-0.089600 0.188720 0.186880
-0.089120 0.188720 0.186720
-0.089040 0.188320 0.186800
-0.090160 0.189200 0.186640
-0.089680 0.187760 0.186400
-0.089840 0.189520 0.186560
-0.090320 0.188960 0.186720
-0.089760 0.188960 0.186000
-0.089840 0.188240 0.186640
-0.089680 0.189440 0.186800
-0.089760 0.189360 0.186880
-0.090000 0.190080 0.186800
-0.089360 0.189120 0.186960
-0.090240 0.189120 0.186480
-0.089920 0.188800 0.186160
-0.089440 0.189360 0.186240
-0.089600 0.188960 0.185440
-0.089360 0.189360 0.186080
-0.089440 0.188560 0.185680
-0.089680 0.189120 0.185360
-0.090240 0.190080 0.186080
-0.089840 0.190800 0.185280
-0.089840 0.189440 0.184960
-0.089920 0.190400 0.185040
-0.088480 0.191120 0.184640
-0.091440 0.189440 0.184320
-0.096480 0.190240 0.182560
-0.102560 0.191680 0.180000
-0.108480 0.192240 0.178000
-0.116000 0.192560 0.175440
-0.123760 0.194320 0.172160
-0.132560 0.197360 0.168160
-0.140080 0.200720 0.163520
-0.149600 0.206720 0.157920
-0.161040 0.211680 0.150560
-0.176320 0.215520 0.138560
-0.188400 0.216080 0.125840
-0.200320 0.217200 0.113920
-0.209120 0.219680 0.102880
-0.215440 0.224880 0.092320
-0.219200 0.228160 0.082880
-0.226320 0.229520 0.071440
-0.230960 0.235600 0.060640
-0.233280 0.240320 0.050560
-0.237600 0.248240 0.034160
-0.238000 0.250480 0.020960
-0.238880 0.256160 0.009520
-0.238560 0.263040 -0.000400
-0.237680 0.270880 -0.010560
-0.234720 0.281120 -0.018320
-0.231120 0.286800 -0.027600
-0.227680 0.295680 -0.034800
-0.222320 0.303840 -0.040400
-0.216800 0.314640 -0.042880
-0.204160 0.333120 -0.044240
-0.192640 0.345440 -0.046240
-0.182240 0.357120 -0.045760
-0.167200 0.369440 -0.043440
-0.149760 0.382320 -0.041600
-0.131840 0.392800 -0.038240
-0.111040 0.403680 -0.034800
-0.085840 0.412960 -0.032400
-0.060720 0.418400 -0.030560
-0.021360 0.422000 -0.026400
0.000480 0.420320 -0.021040
0.018320 0.417600 -0.014240
0.031600 0.414880 -0.008400
0.043200 0.412400 -0.001920
0.053200 0.407120 0.003760
0.066240 0.400560 0.011280
0.078400 0.391920 0.020080
0.086880 0.386960 0.026800
0.092240 0.381440 0.035360
0.094720 0.370160 0.056240
0.099040 0.358240 0.070960
0.104960 0.347520 0.080960
0.108160 0.336880 0.089520
0.109760 0.327760 0.098240
0.110960 0.317600 0.106720
0.108960 0.307360 0.115600
0.108960 0.296320 0.124000
0.108960 0.283440 0.131920
0.107760 0.267520 0.140800
0.104320 0.258160 0.146960
0.098400 0.245840 0.154080
0.094480 0.236080 0.159600
0.092240 0.226400 0.163760
0.087280 0.218400 0.166480
0.082080 0.210400 0.172480
0.072480 0.200240 0.174880
0.063440 0.193120 0.180160
0.052240 0.182000 0.183920
0.043680 0.176240 0.186160
0.032240 0.169280 0.189040
0.018160 0.162240 0.191200
0.004320 0.152640 0.191920
-0.007600 0.146000 0.191600
-0.021200 0.136720 0.190480
-0.037600 0.128080 0.188080
-0.053600 0.121600 0.185360
-0.071760 0.116640 0.180480
-0.099760 0.112800 0.172000
-0.118640 0.111280 0.163280
-0.138160 0.109600 0.153440
-0.155680 0.112000 0.142960
-0.172080 0.116640 0.131280
-0.186880 0.117520 0.117280
-0.200160 0.120480 0.103040
-0.211040 0.126400 0.090480
-0.218240 0.131280 0.078880
-0.231280 0.141360 0.059680
-0.238400 0.145920 0.041760
-0.241760 0.145600 0.026160
-0.244480 0.146880 0.015040
-0.246080 0.147920 0.001600
-0.246880 0.146160 -0.011920
-0.245920 0.143920 -0.026400
-0.246000 0.142080 -0.039920
-0.243200 0.140960 -0.052160
-0.239200 0.139600 -0.069760
-0.233520 0.137840 -0.082960
-0.228960 0.138000 -0.095520
-0.222480 0.134240 -0.108640
-0.216480 0.142400 -0.124800
-0.214000 0.147200 -0.129440
-0.216000 0.147680 -0.127760
-0.220240 0.151360 -0.122480
-0.226000 0.156720 -0.114160
-0.231520 0.166800 -0.107120
-0.237920 0.189680 -0.096880
-0.240320 0.211680 -0.089280
-0.240000 0.236240 -0.080320
-0.235520 0.263200 -0.072080
-0.225280 0.293040 -0.064320
-0.207520 0.325040 -0.056080
-0.183440 0.354320 -0.051520
-0.157120 0.377280 -0.048320
-0.132960 0.393520 -0.046960
-0.091760 0.410960 -0.044400
-0.063520 0.418640 -0.043520
-0.032000 0.422960 -0.043040
0.001200 0.421360 -0.046880
0.034240 0.416880 -0.051680
0.063440 0.406640 -0.053920
0.092480 0.393920 -0.057680
0.119040 0.376400 -0.061520
0.138560 0.359840 -0.066160
0.154160 0.341440 -0.069840
0.171120 0.319040 -0.070800
0.181840 0.301280 -0.072720
0.190880 0.279760 -0.074960
0.197520 0.258320 -0.078160
0.202080 0.236160 -0.079360
0.206560 0.214800 -0.073680
0.208480 0.196880 -0.064480
0.209600 0.180320 -0.055040
0.208800 0.164320 -0.051760
0.204240 0.142400 -0.057360
0.202320 0.133680 -0.056960
0.198640 0.120480 -0.053440
0.196880 0.116560 -0.059040
0.194960 0.114560 -0.062320
0.194320 0.114400 -0.065040
0.193280 0.112160 -0.069760
0.190320 0.111360 -0.076160
0.187120 0.108560 -0.082800
0.184880 0.106400 -0.088320
0.182560 0.105040 -0.092560
0.178240 0.102560 -0.098880
0.175840 0.100240 -0.104800
0.170880 0.097840 -0.112000
0.165520 0.096320 -0.118800
0.161680 0.094080 -0.122560
0.157280 0.091280 -0.127840
0.150880 0.089520 -0.134320
0.146080 0.088000 -0.139440
0.138480 0.088400 -0.148960
0.132960 0.090480 -0.155360
0.129280 0.092240 -0.158880
0.125600 0.092080 -0.161840
0.122160 0.090960 -0.164880
0.120560 0.091680 -0.167440
0.117840 0.093440 -0.169280
0.115760 0.095440 -0.172000
0.113360 0.098080 -0.175760
0.112560 0.100480 -0.178720
0.111040 0.103440 -0.180080
0.111360 0.107360 -0.182240
0.111360 0.112480 -0.183520
0.111680 0.118880 -0.187040
0.106880 0.122160 -0.190720
0.095520 0.124240 -0.198560
0.079120 0.131600 -0.207840
0.064720 0.137600 -0.216080
0.052240 0.142400 -0.220480
0.038560 0.142240 -0.224400
0.017600 0.140800 -0.227600
-0.006640 0.142400 -0.229840
-0.030160 0.149440 -0.231520
-0.050160 0.156080 -0.231120
-0.070000 0.163840 -0.228800
-0.089760 0.168800 -0.222960
-0.120640 0.176400 -0.212800
-0.140080 0.179360 -0.202800
-0.157680 0.179840 -0.192800
-0.175600 0.179760 -0.178400
-0.190480 0.176000 -0.164960
-0.202960 0.172160 -0.150000
-0.213280 0.166240 -0.135680
-0.223120 0.160400 -0.118880
-0.232800 0.155360 -0.097280
-0.240480 0.149680 -0.076240
-0.245520 0.139760 -0.046000
-0.245280 0.133840 -0.025280
-0.243600 0.126720 -0.003040
-0.239520 0.122000 0.015920
-0.235120 0.116400 0.033600
-0.228160 0.112160 0.048560
-0.221120 0.104160 0.057680
-0.213120 0.098960 0.071600
-0.201200 0.096960 0.088240
-0.182640 0.094240 0.110080
-0.168080 0.093360 0.122240
-0.156400 0.092560 0.132400
-0.144480 0.093120 0.140080
-0.133520 0.092960 0.146560
-0.120240 0.091760 0.152800
-0.104960 0.094720 0.160000
-0.088160 0.103520 0.169120
-0.070240 0.115520 0.177520
-0.040960 0.129200 0.184480
-0.021520 0.141040 0.186560
-0.004400 0.149280 0.186560
0.011440 0.157760 0.186080
0.024240 0.168320 0.184640
0.034640 0.179520 0.183040
0.038720 0.186560 0.181200
0.040960 0.191680 0.180800
0.041440 0.192080 0.181120
0.040160 0.191600 0.181200
0.033760 0.188240 0.183680
0.030800 0.182560 0.184080
0.025200 0.175760 0.185680
0.017680 0.166800 0.186640
0.007200 0.155840 0.187760
-0.005760 0.148000 0.188160
-0.019840 0.144160 0.187840
-0.028640 0.142080 0.187680
-0.033040 0.143360 0.187760
-0.044480 0.140480 0.187520
-0.055440 0.136400 0.185040
-0.065840 0.132560 0.183120
-0.072240 0.131520 0.182480
-0.076880 0.131120 0.180400
-0.083200 0.134480 0.180560
-0.085680 0.137120 0.180400
-0.086320 0.141600 0.181520
-0.085440 0.143760 0.183280
-0.087920 0.140240 0.180560
-0.090560 0.138720 0.179680
-0.090320 0.137840 0.179920
-0.091600 0.138160 0.180560
-0.092880 0.139280 0.180000
-0.095920 0.142160 0.180080
-0.106480 0.152560 0.177840
-0.125840 0.165520 0.171680
-0.149280 0.175360 0.160400
-0.156160 0.177280 0.156080
-0.153200 0.182240 0.158320
-0.155520 0.189200 0.156800
-0.158160 0.194160 0.154080
-0.159120 0.198960 0.153520
-0.158800 0.205920 0.154000
-0.148560 0.218400 0.159120
-0.141760 0.233040 0.159200
-0.143360 0.243600 0.155920
-0.142560 0.251040 0.154400
-0.134720 0.264880 0.154000
-0.129840 0.272480 0.152480
-0.129120 0.282720 0.147280
-0.126240 0.293680 0.144240
-0.120800 0.301200 0.142400
-0.113680 0.309280 0.139440
-0.108080 0.316560 0.137440
-0.102960 0.323760 0.135200
-0.097360 0.328720 0.132640
-0.089280 0.336160 0.129360
-0.072960 0.349360 0.123280
-0.064480 0.356160 0.117360
-0.059120 0.366000 0.109680
-0.053600 0.374000 0.101040
-0.048160 0.379920 0.092640
-0.044080 0.385600 0.085760
-0.040880 0.390160 0.079040
-0.036320 0.397040 0.067600
-0.031840 0.402800 0.056480
-0.022720 0.408960 0.035200
-0.017760 0.414720 0.021360
-0.013600 0.417440 0.005120
-0.006640 0.419680 -0.013520
0.001680 0.419120 -0.037040
0.008400 0.417760 -0.056160
0.016720 0.414080 -0.069280
0.029680 0.407280 -0.084800
0.042160 0.396560 -0.107280
0.051840 0.384240 -0.128160
0.064080 0.361840 -0.153920
0.072800 0.346720 -0.164720
0.081360 0.328640 -0.174960
0.086640 0.308160 -0.188080
0.088400 0.281840 -0.200400
0.086480 0.253280 -0.210800
0.079280 0.232800 -0.218720
0.069600 0.216800 -0.224400
0.058560 0.203280 -0.229120
0.044720 0.183040 -0.232400
0.035120 0.167440 -0.232960
0.023040 0.153200 -0.233360
0.004320 0.140880 -0.233440
-0.016560 0.141040 -0.234000
-0.034160 0.147280 -0.234560
-0.046160 0.156720 -0.236000
-0.059680 0.170080 -0.236480
-0.076800 0.182320 -0.233040
-0.108400 0.192320 -0.223840
-0.125840 0.205360 -0.216080
-0.142640 0.222800 -0.206320
-0.160000 0.240400 -0.191680
-0.174800 0.262000 -0.172560
-0.184240 0.285280 -0.150880
-0.188560 0.308960 -0.126640
-0.186480 0.333920 -0.100800
-0.177520 0.354400 -0.071680
-0.164000 0.371920 -0.044560
-0.137360 0.388400 -0.003760
-0.116480 0.393760 0.021200
-0.092480 0.396320 0.044080
-0.066480 0.392560 0.066640
-0.040320 0.384160 0.088320
-0.016080 0.369120 0.108640
0.000400 0.348720 0.128320
0.010320 0.297680 0.162480
0.002640 0.284960 0.169600
-0.001280 0.281840 0.171360
0.005360 0.291440 0.165920
0.024960 0.303840 0.156400
0.043840 0.304720 0.150480
0.065120 0.306320 0.141200
0.091040 0.312000 0.123760
0.121280 0.308960 0.102240
0.164800 0.288480 0.064880
0.188080 0.267760 0.036480
0.203120 0.241840 0.010560
0.211680 0.216640 -0.010880
0.213040 0.191760 -0.034480
0.209760 0.167040 -0.058560
0.199840 0.141200 -0.080400
0.184400 0.116960 -0.101840
0.164080 0.096640 -0.123680
0.139520 0.082240 -0.142720
0.099120 0.066720 -0.166240
0.068000 0.060800 -0.179120
0.032320 0.059600 -0.188720
-0.003120 0.063680 -0.197360
-0.032640 0.076320 -0.203760
-0.058480 0.093360 -0.208640
-0.081280 0.110240 -0.210240
-0.103120 0.127920 -0.208320
-0.125760 0.139280 -0.201120
-0.155120 0.157600 -0.189920
-0.166160 0.180080 -0.183280
-0.176800 0.208640 -0.173840
-0.186400 0.244080 -0.157600
-0.191440 0.278000 -0.136320
-0.190640 0.308800 -0.111120
-0.181760 0.337440 -0.084160
-0.166160 0.364080 -0.055360
-0.144400 0.382160 -0.027200
-0.119760 0.395120 -0.003600
-0.076800 0.405200 0.027120
-0.047760 0.405200 0.041040
-0.020640 0.402160 0.054720
0.001440 0.395200 0.069440
0.015200 0.384560 0.084720
0.021840 0.379680 0.092560
0.021440 0.379680 0.090720
0.018080 0.386560 0.082000
0.014800 0.396160 0.065920
0.014080 0.404160 0.043680
0.009280 0.410400 0.025280
-0.000080 0.414880 0.011440
0.000800 0.416160 0.003120
0.014560 0.416560 -0.009600
0.036880 0.414240 -0.029760
0.060320 0.405360 -0.052640
0.083840 0.391440 -0.073360
0.106800 0.373440 -0.089600
0.138400 0.336320 -0.112240
0.151600 0.307760 -0.127840
0.162400 0.275600 -0.137920
0.167680 0.242480 -0.146080
0.170800 0.209360 -0.150400
0.168960 0.178320 -0.152080
0.159760 0.146800 -0.155200
0.148480 0.116480 -0.154480
0.136160 0.087360 -0.149520
0.119200 0.064320 -0.147360
0.088480 0.039840 -0.148640
0.062960 0.031520 -0.154160
0.035520 0.028240 -0.162960
0.005680 0.027680 -0.168000
-0.024160 0.026480 -0.168400
-0.054880 0.027280 -0.166080
-0.086160 0.033360 -0.162000
-0.119600 0.043440 -0.155840
-0.148000 0.057680 -0.147760
-0.181040 0.084640 -0.138000
-0.198560 0.104960 -0.131280
-0.212880 0.129120 -0.126080
-0.223120 0.152240 -0.120080
-0.228160 0.171360 -0.116400
-0.232160 0.188720 -0.111920
-0.233680 0.203920 -0.108960
-0.232800 0.215440 -0.107760
-0.231920 0.226960 -0.105120
-0.229120 0.241280 -0.107600
-0.225680 0.259280 -0.101840
-0.223600 0.268640 -0.100000
-0.222000 0.273760 -0.101520
-0.218080 0.272320 -0.108480
-0.213440 0.268480 -0.117840
-0.210480 0.263680 -0.126080
-0.209200 0.258560 -0.131040
-0.209600 0.254320 -0.132800
-0.212800 0.253600 -0.128240
-0.221920 0.263840 -0.102720
-0.225280 0.270640 -0.088000
-0.226560 0.277120 -0.078560
-0.225920 0.283360 -0.069840
-0.224960 0.290000 -0.060800
-0.222640 0.299600 -0.046640
-0.218400 0.308720 -0.027520
-0.210560 0.319520 -0.001120
-0.199040 0.328800 0.024640
-0.171440 0.344880 0.052080
-0.156720 0.354800 0.054080
-0.153680 0.361040 0.046640
-0.153120 0.367760 0.037920
-0.149120 0.371840 0.029200
-0.146240 0.376480 0.018240
-0.144240 0.381600 0.002640
-0.144160 0.383200 -0.014240
-0.143520 0.384240 -0.031200
-0.142560 0.383280 -0.047760
-0.140080 0.379120 -0.075520
-0.137600 0.373600 -0.095440
-0.136240 0.367280 -0.106800
-0.135920 0.362480 -0.116320
-0.136400 0.357200 -0.126000
-0.130320 0.351200 -0.138960
-0.120480 0.339040 -0.157920
-0.104160 0.326880 -0.177760
-0.084320 0.310000 -0.196400
-0.049520 0.279040 -0.218720
-0.031120 0.261440 -0.225920
-0.022240 0.247280 -0.229600
-0.016960 0.235520 -0.232320
-0.014320 0.224960 -0.233760
-0.014960 0.221760 -0.233920
-0.020560 0.222240 -0.234480
-0.032800 0.232160 -0.231840
-0.053920 0.246640 -0.227040
-0.095280 0.264720 -0.211040
-0.129200 0.276480 -0.191600
-0.163600 0.280560 -0.164640
-0.196640 0.276800 -0.132240
-0.220880 0.267520 -0.096400
-0.237280 0.255840 -0.061120
-0.245280 0.246560 -0.028000
-0.247760 0.235760 0.003040
-0.244160 0.224240 0.033760
-0.235440 0.212720 0.064240
-0.213600 0.201520 0.103760
-0.197360 0.201360 0.123680
-0.180000 0.203920 0.139600
-0.160880 0.206400 0.154080
-0.136720 0.206560 0.168000
-0.109280 0.204240 0.179760
-0.082560 0.205200 0.186240
-0.057040 0.209200 0.190320
-0.031440 0.213040 0.191760
0.006480 0.214480 0.188800
0.028800 0.218560 0.184720
0.046320 0.223280 0.179360
0.063680 0.230720 0.172560
0.077760 0.243440 0.163200
0.090160 0.259360 0.151440
0.100720 0.279200 0.137360
0.107520 0.298640 0.120240
0.111120 0.320400 0.100640
0.109120 0.341280 0.071920
0.097120 0.368560 0.053440
0.083120 0.383840 0.038560
0.066560 0.398160 0.024320
0.047200 0.408560 0.009600
0.027840 0.416480 -0.006320
0.009120 0.420240 -0.024000
-0.011920 0.421440 -0.038320
-0.034240 0.421440 -0.049680
-0.055440 0.417360 -0.062800
-0.081360 0.406720 -0.086880
-0.095840 0.396400 -0.103760
-0.106640 0.384880 -0.119280
-0.116320 0.371760 -0.133200
-0.121120 0.356480 -0.152000
-0.122080 0.339680 -0.166160
-0.122240 0.324960 -0.178880
-0.121840 0.310320 -0.187280
-0.122640 0.299280 -0.193360
-0.126800 0.286960 -0.196800
-0.133520 0.281520 -0.195280
-0.142640 0.278960 -0.190800
-0.175680 0.262960 -0.170640
-0.193040 0.253840 -0.156640
-0.209600 0.242080 -0.139840
-0.223600 0.228880 -0.123600
-0.232320 0.214960 -0.109520
-0.245040 0.192800 -0.081360
-0.249680 0.173040 -0.055760
-0.251920 0.155440 -0.031680
-0.249440 0.142400 -0.007040
-0.243680 0.131840 0.016720
-0.236320 0.126240 0.042480
-0.225120 0.117600 0.064240
-0.213440 0.107520 0.079840
-0.200160 0.104240 0.095600
-0.179360 0.102320 0.120720
-0.161840 0.101840 0.135120
-0.140320 0.096000 0.146960
-0.116400 0.089520 0.156800
-0.094720 0.088160 0.164320
-0.069680 0.089760 0.171840
-0.042880 0.092160 0.175840
-0.015520 0.091200 0.176240
0.013360 0.093200 0.174080
0.042240 0.095280 0.168000
0.079280 0.102400 0.156720
0.101600 0.106480 0.145360
0.123920 0.110560 0.130800
0.144320 0.119280 0.116800
0.157760 0.133680 0.106000
0.168160 0.152880 0.100400
0.176720 0.175360 0.092720
0.181040 0.201120 0.085680
0.182560 0.227440 0.078800
0.176320 0.265760 0.070880
0.165840 0.291920 0.067520
0.152800 0.315040 0.064880
0.136000 0.334720 0.063840
0.116000 0.353440 0.062320
0.095200 0.368480 0.061200
0.072720 0.382320 0.060080
0.047200 0.391520 0.059920
0.022960 0.398000 0.060560
-0.011520 0.402320 0.055280
-0.032960 0.403680 0.050480
-0.052560 0.403280 0.045200
-0.071040 0.402960 0.039280
-0.090480 0.400240 0.031680
-0.109520 0.396240 0.020000
-0.126960 0.390720 0.005840
-0.140000 0.385520 -0.007600
-0.150560 0.380960 -0.018560
-0.159680 0.372880 -0.024720
-0.171520 0.362080 -0.026720
-0.174960 0.359280 -0.031600
-0.178240 0.355200 -0.042480
-0.182000 0.352320 -0.049520
-0.184960 0.348240 -0.049680
-0.189360 0.343920 -0.050240
-0.192720 0.339360 -0.051200
-0.198480 0.334160 -0.047760
-0.205440 0.326240 -0.035920
-0.212800 0.318800 -0.011040
-0.216160 0.309760 0.004000
-0.216720 0.304320 0.018480
-0.218480 0.292880 0.036800
-0.215680 0.278480 0.059200
-0.210720 0.260720 0.083920
-0.201280 0.243840 0.105920
-0.189120 0.225920 0.125120
-0.174560 0.206560 0.141520
-0.155760 0.185280 0.161360
-0.124560 0.158400 0.170240
-0.099280 0.145920 0.176560
-0.073920 0.136640 0.182080
-0.050080 0.126000 0.182800
-0.026880 0.114240 0.179920
-0.004880 0.102080 0.174800
0.013200 0.096160 0.170160
0.030000 0.096400 0.167360
0.047520 0.098480 0.161360
0.076640 0.096400 0.148960
0.092640 0.094320 0.137760
0.108560 0.095200 0.127760
0.120560 0.100000 0.121040
0.129120 0.109200 0.116160
0.141120 0.122640 0.111840
0.152560 0.137120 0.104480
0.162720 0.148800 0.097040
0.171200 0.161680 0.088080
0.181040 0.178320 0.076720
0.185280 0.193040 0.070240
0.187360 0.210320 0.065840
0.187280 0.230000 0.062160
0.184320 0.252800 0.056320
0.177520 0.276800 0.053120
0.165760 0.300480 0.049760
0.152640 0.323200 0.048160
0.136240 0.341920 0.047520
0.116000 0.360160 0.047120
0.081120 0.384400 0.044880
0.053360 0.395520 0.042320
0.024080 0.406160 0.037760
-0.005600 0.410800 0.032320
-0.035520 0.412480 0.024320
-0.063360 0.412560 0.014560
-0.090960 0.406560 0.002640
-0.117440 0.399360 -0.012960
-0.140800 0.387760 -0.027680
-0.166400 0.366640 -0.055040
-0.176640 0.351200 -0.078640
-0.180720 0.331760 -0.104320
-0.178800 0.312960 -0.130960
-0.171920 0.295120 -0.152960
-0.163120 0.282160 -0.169200
-0.155200 0.272560 -0.180320
-0.152880 0.267040 -0.182640
-0.158240 0.263680 -0.180320
-0.178400 0.259680 -0.163200
-0.197920 0.255040 -0.143040
-0.219920 0.243280 -0.114960
-0.238320 0.225520 -0.082320
-0.249680 0.198960 -0.051120
-0.252480 0.173120 -0.019520
-0.248560 0.150880 0.008160
-0.239280 0.127600 0.033760
-0.225280 0.104720 0.054960
-0.205920 0.081600 0.072080
-0.171600 0.051120 0.092000
-0.146320 0.036640 0.100720
-0.121440 0.025280 0.107120
-0.099360 0.015600 0.110080
-0.076880 0.005520 0.107840
-0.055920 -0.002880 0.102320
-0.037040 -0.007760 0.097520
-0.015680 -0.012880 0.092160
0.005840 -0.013760 0.086560
0.033680 -0.008480 0.082560
0.046880 -0.005440 0.083840
0.057600 0.002000 0.086000
0.067200 0.008000 0.090480
0.073920 0.017040 0.096800
0.078720 0.026000 0.104400
0.086640 0.036480 0.110720
0.094640 0.047600 0.113280
0.104560 0.058320 0.115760
0.115840 0.071280 0.118880
0.123920 0.087280 0.119040
0.128400 0.092800 0.118080
0.134080 0.098000 0.115440
0.139360 0.103520 0.113680
0.142720 0.110320 0.113360
0.147040 0.120080 0.112240
0.151360 0.130400 0.111200
0.157840 0.140640 0.107440
0.163280 0.150400 0.103280
0.168480 0.155600 0.098720
0.172000 0.158640 0.093440
0.176400 0.165360 0.089040
0.177360 0.170080 0.087200
0.177600 0.172880 0.087520
0.177440 0.172960 0.086560
0.177520 0.171120 0.086240
0.177600 0.169920 0.086400
0.178560 0.167760 0.085440
0.180880 0.164160 0.078320
0.185760 0.164720 0.070960
0.187120 0.164320 0.066000
0.191280 0.166000 0.058240
0.195040 0.170080 0.050800
0.197120 0.173520 0.045600
0.199840 0.178160 0.038880
0.200960 0.179760 0.035760
0.202560 0.180720 0.032480
0.202880 0.180160 0.028800
0.205280 0.179280 0.021280
0.206640 0.182320 0.016960
0.207920 0.187920 0.013920
0.207840 0.196480 0.010800
0.208320 0.206320 0.008080
0.206800 0.212880 0.009200
0.208000 0.211280 0.007600
0.208560 0.211040 0.006560
0.207920 0.208960 0.009840
0.201600 0.225440 0.030800
0.173360 0.278480 0.062480
0.159600 0.294720 0.070800
0.142240 0.312720 0.079040
0.121680 0.330080 0.086000
0.105840 0.341520 0.087280
0.099760 0.347920 0.086000
0.097840 0.356240 0.076800
0.098880 0.358800 0.072160
0.103360 0.359840 0.066160
0.113680 0.356880 0.056560
0.132000 0.347200 0.044560
0.154800 0.332320 0.029040
0.176960 0.309600 0.011440
0.195840 0.277440 -0.003200
0.207760 0.240480 -0.011120
0.213680 0.204400 -0.014320
0.211520 0.159200 -0.018400
0.206080 0.132560 -0.018640
0.195600 0.101760 -0.015200
0.180640 0.070480 -0.009520
0.157440 0.040560 -0.005680
0.132000 0.015920 0.000880
0.105200 -0.004640 0.002720
0.075360 -0.020240 0.003680
0.042320 -0.033040 0.001840
-0.000320 -0.040880 -0.011920
-0.016880 -0.041120 -0.028480
-0.027120 -0.038480 -0.048640
-0.031360 -0.033360 -0.072160
-0.036400 -0.023520 -0.097040
-0.045920 -0.010720 -0.120800
-0.056880 0.006480 -0.142640
-0.063680 0.025120 -0.161120
-0.065680 0.041520 -0.174480
-0.073200 0.059760 -0.187280
-0.092080 0.092560 -0.200160
-0.100000 0.117760 -0.207760
-0.100240 0.146720 -0.215600
-0.095440 0.176400 -0.222080
-0.092960 0.208320 -0.223520
-0.090000 0.241200 -0.220560
-0.081360 0.269120 -0.215840
-0.067120 0.296080 -0.207920
-0.046960 0.323200 -0.197760
-0.009760 0.356080 -0.173280
0.015840 0.372160 -0.152880
0.041440 0.381920 -0.133280
0.067440 0.384720 -0.114320
0.093120 0.381360 -0.096240
0.117360 0.371200 -0.078240
0.138800 0.359920 -0.058320
0.155760 0.344640 -0.038080
0.167040 0.332640 -0.012240
0.170800 0.316560 0.025440
0.168640 0.306880 0.046320
0.163120 0.295360 0.068880
0.150800 0.287840 0.095120
0.133920 0.282320 0.115040
0.120560 0.277360 0.128800
0.112960 0.273920 0.136000
0.107200 0.273040 0.140080
0.104160 0.272560 0.142560
0.107520 0.274640 0.138640
0.120400 0.272160 0.129440
0.136640 0.262800 0.119120
0.155360 0.249920 0.106080
0.172080 0.231840 0.091840
0.181520 0.208480 0.081360
0.189520 0.183120 0.069680
0.193040 0.152080 0.054000
0.191280 0.122480 0.039120
0.185760 0.099440 0.027280
0.177840 0.076720 0.012640
0.170880 0.061200 0.000960
0.157680 0.043200 -0.011760
0.146080 0.030560 -0.025520
0.136640 0.021600 -0.037040
0.122480 0.012640 -0.052160
0.108720 0.006720 -0.068400
0.096880 0.003040 -0.082080
0.086080 0.002720 -0.097200
0.070160 0.011600 -0.126800
0.057280 0.021280 -0.148480
0.040160 0.032720 -0.168640
0.023360 0.044960 -0.183760
0.008080 0.053760 -0.194080
-0.010080 0.058960 -0.198240
-0.030400 0.060640 -0.199280
-0.049760 0.064960 -0.200000
-0.062960 0.069920 -0.200400
-0.075280 0.075280 -0.200640
-0.093200 0.086800 -0.201520
-0.101600 0.101120 -0.205440
-0.105360 0.116960 -0.209520
-0.104800 0.132000 -0.215520
-0.100160 0.149680 -0.220960
-0.090720 0.167680 -0.227600
-0.076960 0.190800 -0.233600
-0.061520 0.212560 -0.235520
-0.043840 0.232000 -0.235760
-0.007920 0.261520 -0.231680
0.016160 0.279920 -0.223760
0.038960 0.294000 -0.213360
0.061920 0.302960 -0.201120
0.084400 0.307120 -0.188960
0.107680 0.306720 -0.173440
0.129280 0.308640 -0.155440
0.144480 0.308720 -0.136160
0.159840 0.306880 -0.115360
0.179760 0.298000 -0.081760
0.188720 0.289600 -0.058560
0.196240 0.280800 -0.035520
0.199920 0.269040 -0.008400
0.199360 0.255840 0.020880
0.192320 0.246160 0.050160
0.181680 0.239040 0.075440
0.167440 0.235040 0.099360
0.152720 0.231040 0.118880
0.135360 0.230880 0.134560
0.110080 0.235440 0.151440
0.098640 0.243360 0.156640
0.089040 0.254880 0.159120
0.082080 0.270240 0.156960
0.070880 0.286800 0.155280
0.057280 0.301200 0.153280
0.053920 0.311200 0.149040
0.050160 0.317920 0.145200
0.041680 0.324960 0.142800
0.027440 0.330080 0.142400
0.019920 0.331520 0.142720
0.015280 0.331440 0.143920
0.016320 0.330160 0.145520
0.021680 0.328320 0.145360
0.034560 0.324080 0.145440
0.053200 0.317680 0.144240
0.079440 0.308320 0.139200
0.108160 0.292400 0.131280
0.153360 0.258960 0.106800
0.182480 0.230240 0.077760
0.203600 0.201920 0.038560
0.212240 0.174400 -0.002160
0.209120 0.144720 -0.039600
0.198240 0.119040 -0.064640
0.183040 0.094720 -0.082000
0.165200 0.073760 -0.095600
0.146640 0.056240 -0.106160
0.125280 0.041840 -0.116480
0.091840 0.031920 -0.137360
0.074000 0.035040 -0.153200
0.053280 0.042640 -0.169280
0.026800 0.049600 -0.183200
0.001680 0.059760 -0.194400
-0.020880 0.073200 -0.204560
-0.044400 0.087520 -0.209360
-0.067440 0.104560 -0.212400
-0.086480 0.122640 -0.214800
-0.110800 0.152800 -0.214320
-0.121520 0.174800 -0.213760
-0.124960 0.200800 -0.213760
-0.122880 0.230080 -0.211120
-0.117200 0.262560 -0.207760
-0.109200 0.288800 -0.201680
-0.102800 0.304160 -0.196400
-0.096800 0.319200 -0.191520
-0.090000 0.332240 -0.184720
-0.085120 0.341920 -0.177920
-0.077120 0.353760 -0.171280
-0.073360 0.356720 -0.170080
-0.071200 0.358880 -0.168400
-0.068960 0.362480 -0.166160
-0.066000 0.364480 -0.163760
-0.062960 0.366880 -0.163840
-0.063600 0.368080 -0.162160
-0.064480 0.368960 -0.160880
-0.066480 0.369040 -0.161040
-0.070240 0.366480 -0.162720
-0.074480 0.362160 -0.166960
-0.083280 0.359440 -0.165920
-0.095360 0.359680 -0.161120
-0.102720 0.358800 -0.156880
-0.110160 0.357680 -0.152880
-0.118480 0.358960 -0.144960
-0.130640 0.360080 -0.133760
-0.153440 0.358720 -0.109200
-0.158880 0.356880 -0.103360
-0.164960 0.355200 -0.096400
-0.169600 0.352240 -0.092240
-0.174480 0.351040 -0.087040
-0.177440 0.348480 -0.083440
-0.179760 0.346160 -0.083200
-0.178400 0.346400 -0.087280
-0.175280 0.347520 -0.092560
-0.172080 0.345760 -0.104400
-0.172240 0.340240 -0.108960
-0.177360 0.336720 -0.110320
-0.180160 0.332400 -0.107600
-0.184480 0.328320 -0.105680
-0.182640 0.330800 -0.106640
-0.175760 0.331760 -0.117520
-0.164560 0.333680 -0.128400
-0.151200 0.336720 -0.139520
-0.141920 0.337280 -0.147840
-0.129440 0.339680 -0.154880
-0.121600 0.341600 -0.158080
-0.115280 0.344720 -0.158640
-0.114720 0.348240 -0.155760
-0.117360 0.352080 -0.149600
-0.124160 0.351760 -0.143760
-0.136000 0.350240 -0.137360
-0.147760 0.343360 -0.131360
-0.158320 0.333680 -0.131280
-0.173200 0.313280 -0.136320
-0.182240 0.294640 -0.140080
-0.190960 0.271120 -0.145120
-0.199280 0.239520 -0.146800
-0.202560 0.208080 -0.150240
-0.200720 0.175520 -0.151680
-0.194240 0.144080 -0.151280
-0.184160 0.112080 -0.149120
-0.170480 0.080800 -0.143280
-0.147520 0.037440 -0.124640
-0.131520 0.013120 -0.104880
-0.112960 -0.009360 -0.082960
-0.093280 -0.023760 -0.059760
-0.076720 -0.032800 -0.034880
-0.063760 -0.038320 -0.009120
-0.051520 -0.036160 0.019040
-0.038720 -0.031280 0.048080
-0.022000 -0.020960 0.075040
-0.000640 -0.006720 0.097520
0.031120 0.022480 0.124160
0.050720 0.043360 0.134960
0.073680 0.064640 0.140080
0.091600 0.089680 0.143440
0.100960 0.114560 0.149280
0.100560 0.140720 0.156160
0.094480 0.168800 0.164320
0.084160 0.197760 0.169520
0.069680 0.231680 0.171440
0.040960 0.279760 0.165520
0.016880 0.308320 0.155120
-0.008000 0.333840 0.141920
-0.033440 0.352080 0.125760
-0.059760 0.365360 0.106880
-0.083760 0.374240 0.086400
-0.104160 0.378640 0.065600
-0.128160 0.376480 0.049920
-0.152080 0.366160 0.035920
-0.179920 0.353200 0.003760
-0.188640 0.347760 -0.022000
-0.194560 0.340800 -0.046160
-0.196400 0.330880 -0.073280
-0.192320 0.322080 -0.100080
-0.180080 0.321520 -0.124160
-0.161040 0.324480 -0.143840
-0.140480 0.328720 -0.157840
-0.122560 0.335840 -0.164960
-0.111440 0.342080 -0.165600
-0.105840 0.351280 -0.160080
-0.104480 0.356160 -0.156080
-0.105760 0.358160 -0.151200
-0.112080 0.359840 -0.146000
-0.122160 0.358160 -0.142160
-0.133680 0.350800 -0.141280
-0.146320 0.340640 -0.142480
-0.160080 0.326480 -0.143200
-0.172080 0.311040 -0.145920
-0.186320 0.281360 -0.151200
-0.193520 0.256160 -0.156240
-0.197920 0.227680 -0.159360
-0.200240 0.198720 -0.161440
-0.198160 0.172240 -0.162800
-0.193840 0.143600 -0.160160
-0.188880 0.114640 -0.153120
-0.181120 0.085280 -0.141040
-0.168160 0.054640 -0.126400
-0.151600 0.027440 -0.109920
-0.120560 -0.005760 -0.081520
-0.094160 -0.022880 -0.061520
-0.068160 -0.032320 -0.039040
-0.046160 -0.037600 -0.014240
-0.030800 -0.036160 0.012480
-0.018080 -0.029600 0.041680
-0.005280 -0.019520 0.067200
0.015680 -0.004880 0.087760
0.035600 0.012320 0.102480
0.056400 0.038320 0.122240
0.062720 0.056480 0.133520
0.069040 0.075360 0.143840
0.073600 0.097600 0.153520
0.072880 0.121200 0.162720
0.064480 0.147120 0.172720
0.053040 0.174320 0.179280
0.039280 0.202800 0.183040
0.021920 0.232240 0.183040
-0.007120 0.269520 0.176800
-0.030240 0.290240 0.167280
-0.057440 0.306720 0.156160
-0.087440 0.315680 0.143280
-0.119360 0.321840 0.124720
-0.147200 0.324800 0.102640
-0.172160 0.322640 0.078480
-0.190640 0.321840 0.052400
-0.203040 0.319280 0.026320
-0.211600 0.313520 -0.000320
-0.213520 0.313200 -0.037040
-0.207440 0.315200 -0.060800
-0.199040 0.319360 -0.082240
-0.188000 0.324240 -0.099200
-0.177360 0.327520 -0.110480
-0.170560 0.332560 -0.117520
-0.158800 0.336000 -0.124160
-0.147600 0.343840 -0.128880
-0.140400 0.348720 -0.129200
-0.133120 0.355360 -0.128160
-0.132880 0.353360 -0.128880
-0.137600 0.349200 -0.131040
-0.144880 0.340880 -0.135840
-0.151440 0.329120 -0.140080
-0.159120 0.316880 -0.145680
-0.166000 0.301680 -0.151200
-0.172560 0.282960 -0.156880
-0.180080 0.260800 -0.159680
-0.186240 0.235440 -0.162000
-0.193920 0.194240 -0.159120
-0.200640 0.168800 -0.150320
-0.208400 0.147200 -0.135680
-0.214960 0.126800 -0.116160
-0.222480 0.106880 -0.087920
-0.223440 0.088320 -0.056080
-0.216880 0.067520 -0.023200
-0.205200 0.052160 0.009920
-0.187680 0.041200 0.043360
-0.157360 0.039280 0.087680
-0.134160 0.043600 0.112240
-0.107360 0.045600 0.130000
-0.082080 0.048160 0.143120
-0.057520 0.055840 0.152960
-0.036720 0.065360 0.160720
-0.016560 0.074800 0.165440
0.003360 0.083360 0.168400
0.018480 0.089600 0.168880
0.036320 0.102880 0.168960
0.047040 0.112800 0.168560
0.061120 0.122720 0.166320
0.072720 0.132240 0.164800
0.081120 0.143360 0.162800
0.088000 0.157520 0.161520
0.090560 0.173280 0.161840
0.089280 0.190240 0.163040
0.083600 0.208400 0.164480
0.073760 0.223600 0.166080
0.054400 0.245760 0.168720
0.040000 0.257280 0.170240
0.024240 0.269040 0.170400
0.008320 0.279280 0.168720
-0.007760 0.289360 0.165440
-0.023120 0.295280 0.162800
-0.040560 0.300720 0.158480
-0.057600 0.308800 0.152400
-0.074400 0.318560 0.143360
-0.095200 0.329360 0.127840
-0.107040 0.335360 0.116880
-0.121280 0.370960 0.065760
-0.119040 0.382000 0.047120
-0.115840 0.390960 0.023760
-0.110400 0.400240 0.001440
-0.107760 0.401440 -0.012640
-0.117840 0.398160 -0.018160
-0.130320 0.392160 -0.022320
-0.146000 0.382880 -0.025120
-0.165680 0.368720 -0.024720
-0.188320 0.348080 -0.022080
-0.209040 0.321920 -0.020880
-0.230640 0.286960 -0.019200
-0.247760 0.240400 -0.015280
-0.253280 0.189680 -0.010720
-0.249040 0.145040 -0.006560
-0.226720 0.083200 0.002320
-0.204000 0.051280 0.008480
-0.180240 0.025280 0.015680
-0.155600 0.007680 0.027120
-0.132480 -0.001360 0.043680
-0.110640 -0.004960 0.062640
-0.090160 -0.002960 0.083200
-0.069280 0.004640 0.102400
-0.047120 0.015280 0.120960
-0.010880 0.038800 0.141760
0.012800 0.053040 0.150800
0.039120 0.070160 0.154720
0.062640 0.088720 0.155600
0.082240 0.108400 0.154800
0.096480 0.130480 0.154560
0.105920 0.154960 0.154800
0.113280 0.178400 0.152160
0.116560 0.198800 0.150320
0.110720 0.234080 0.150320
0.098960 0.257520 0.150480
0.080880 0.283120 0.150640
0.055360 0.305440 0.149040
0.027040 0.323760 0.145840
-0.003200 0.336720 0.141520
-0.033760 0.346960 0.132160
-0.062080 0.354960 0.121040
-0.085680 0.358800 0.107760
-0.106080 0.366400 0.089760
-0.120000 0.377840 0.057120
-0.122560 0.384960 0.037120
-0.123600 0.389280 0.021120
-0.122240 0.392560 0.007760
-0.117360 0.397280 -0.000640
-0.111360 0.398240 -0.002480
-0.110720 0.399360 -0.002480
-0.113120 0.396480 -0.001440
-0.121280 0.393600 0.000640
-0.139200 0.382320 0.007920
-0.155120 0.372480 0.012400
-0.172720 0.357440 0.017200
-0.190720 0.340080 0.023280
-0.204720 0.319360 0.028080
-0.218800 0.295680 0.029280
-0.234400 0.262880 0.029440
-0.245120 0.225440 0.024000
-0.248960 0.190640 0.020480
-0.243920 0.147760 0.026080
-0.234640 0.115680 0.033040
-0.220960 0.091040 0.042320
-0.205360 0.070560 0.055920
-0.185200 0.051360 0.066640
-0.163520 0.036480 0.075520
-0.141840 0.025200 0.085760
-0.119920 0.021520 0.099200
-0.095280 0.021440 0.113280
-0.071360 0.027280 0.126240
-0.042720 0.040880 0.143440
-0.029360 0.053920 0.153200
-0.022080 0.072240 0.164720
-0.021360 0.094800 0.174800
-0.020800 0.118880 0.183120
-0.027600 0.141760 0.187840
-0.034640 0.157840 0.189440
-0.041840 0.173680 0.190720
-0.047440 0.194480 0.189600
-0.054240 0.225520 0.185200
-0.057600 0.241840 0.182000
-0.062160 0.255760 0.177280
-0.066640 0.266400 0.173360
-0.070800 0.273200 0.169200
-0.074720 0.274240 0.168640
-0.072880 0.271360 0.170000
-0.068640 0.266320 0.172720
-0.066320 0.261600 0.174720
-0.064800 0.258160 0.175280
-0.063760 0.258560 0.175600
-0.059520 0.255840 0.176640
-0.054080 0.254640 0.177760
-0.051120 0.250000 0.178640
-0.050560 0.248880 0.179840
-0.051680 0.250240 0.179200
-0.053440 0.252720 0.179120
-0.054640 0.247840 0.180160
-0.055760 0.246320 0.180720
-0.060640 0.238080 0.182000
-0.065840 0.232640 0.182160
-0.067520 0.227440 0.183200
-0.070080 0.222160 0.184320
-0.071280 0.219840 0.184080
-0.070560 0.224000 0.184000
-0.066560 0.227040 0.184080
-0.066400 0.227760 0.184480
-0.071440 0.227840 0.183440
-0.073600 0.222160 0.184640
-0.069520 0.221520 0.184640
-0.070560 0.223040 0.185040
-0.073440 0.220080 0.184960
-0.080720 0.219040 0.183520
-0.090640 0.218880 0.181680
-0.101680 0.220320 0.177840
-0.114400 0.219680 0.173680
-0.125840 0.217120 0.169200
-0.144960 0.215840 0.159200
-0.155200 0.213840 0.152960
-0.160800 0.214560 0.149680
-0.171760 0.214480 0.141920
-0.185760 0.212160 0.129360
-0.199040 0.210000 0.116800
-0.208480 0.208880 0.105680
-0.214800 0.203280 0.096960
-0.216720 0.199360 0.095840
-0.216480 0.192720 0.096160
-0.217680 0.189440 0.094240
-0.217760 0.188400 0.095040
-0.214720 0.189680 0.099120
-0.210960 0.192320 0.104400
-0.206720 0.195440 0.111040
-0.200080 0.203440 0.118480
-0.188960 0.211760 0.129040
-0.169360 0.224080 0.143280
-0.148640 0.238880 0.154320
-0.134560 0.241200 0.162080
-0.134480 0.234960 0.163120
-0.136000 0.228800 0.163680
-0.133760 0.223360 0.165120
-0.133040 0.222720 0.166080
-0.130640 0.221600 0.167520
-0.128400 0.221760 0.168800
-0.124000 0.221680 0.170800
-0.119680 0.225520 0.171920
-0.109040 0.233280 0.174560
-0.098000 0.240880 0.175840
-0.084320 0.249280 0.178080
-0.072320 0.256800 0.178000
-0.067040 0.260000 0.177600
-0.068080 0.261040 0.177680
-0.068800 0.259600 0.177520
-0.070240 0.258080 0.177360
-0.070560 0.256400 0.178000
-0.071120 0.254640 0.178000
-0.071520 0.250800 0.179600
-0.072880 0.249760 0.179360
-0.073040 0.250160 0.178240
-0.073920 0.248960 0.179920
-0.070560 0.252080 0.179200
-0.065440 0.253200 0.179520
-0.062080 0.256000 0.178400
-0.055760 0.262480 0.177680
-0.044000 0.268800 0.176560
-0.020800 0.276320 0.173760
-0.006880 0.280720 0.171840
0.004720 0.283840 0.169200
0.014480 0.283840 0.167920
0.028000 0.285360 0.164400
0.043360 0.288480 0.158240
0.056240 0.290400 0.152560
0.069840 0.293840 0.144480
0.084320 0.297840 0.136240
0.096720 0.302080 0.121520
0.114400 0.302880 0.112080
0.123520 0.303840 0.103360
0.127440 0.304720 0.099200
0.116400 0.312000 0.103760
0.091760 0.325040 0.114160
0.062800 0.334400 0.122320
0.031760 0.337040 0.130160
-0.003280 0.335760 0.139360
-0.045520 0.327440 0.144480
-0.144320 0.254160 0.148880
-0.154640 0.220800 0.150320
-0.160080 0.189760 0.149600
-0.161040 0.165600 0.147680
-0.161920 0.142640 0.143040
-0.161520 0.122080 0.137520
-0.154960 0.103760 0.135360
-0.141200 0.091280 0.138480
-0.114000 0.074240 0.144240
-0.089680 0.060160 0.144320
-0.062720 0.045680 0.141440
-0.031840 0.033600 0.134720
0.002400 0.026720 0.126160
0.036720 0.025760 0.115360
0.071120 0.030560 0.104560
0.103760 0.041840 0.090480
0.135680 0.056640 0.071600
0.170960 0.084240 0.040960
0.186880 0.103840 0.022800
0.196480 0.118800 0.004160
0.202000 0.130320 -0.018480
0.204320 0.136240 -0.040720
0.203120 0.138720 -0.057280
0.201200 0.137840 -0.063280
0.202160 0.136160 -0.056560
0.203200 0.135600 -0.051920
0.200720 0.128320 -0.052560
0.199520 0.125280 -0.049040
0.201600 0.131600 -0.041600
0.205600 0.143520 -0.030240
0.208560 0.158560 -0.016560
0.209040 0.176240 -0.003520
0.207440 0.200160 0.010080
0.203440 0.222080 0.020560
0.195760 0.246320 0.030960
0.185200 0.272160 0.041520
0.156880 0.311200 0.056960
0.129360 0.339280 0.062240
0.096720 0.364560 0.064560
0.060640 0.385040 0.062640
0.020080 0.398800 0.056880
-0.014000 0.404560 0.052160
-0.041920 0.404480 0.048320
-0.063600 0.400080 0.049840
-0.082240 0.394000 0.057120
-0.098160 0.376960 0.081760
-0.105760 0.356480 0.103520
-0.114720 0.331120 0.124480
-0.122000 0.306000 0.140720
-0.126160 0.279600 0.152000
-0.127520 0.255520 0.161440
-0.129760 0.226720 0.167760
-0.132080 0.199040 0.169840
-0.133520 0.167520 0.169760
-0.128960 0.138880 0.166800
-0.110160 0.099920 0.162800
-0.094400 0.076640 0.158080
-0.075360 0.056320 0.151200
-0.051600 0.040960 0.143840
-0.024880 0.029360 0.136320
0.003600 0.022720 0.127840
0.033200 0.024320 0.121840
0.062560 0.031280 0.116480
0.089440 0.041600 0.109280
0.124960 0.060800 0.095680
0.145280 0.073520 0.082800
0.162960 0.085280 0.066000
0.176560 0.094240 0.045520
0.188000 0.102160 0.021200
0.195760 0.108560 -0.004320
0.198640 0.114720 -0.028640
0.197120 0.116160 -0.049920
0.193840 0.116960 -0.069520
0.184960 0.108480 -0.089680
0.179920 0.100720 -0.094960
0.179760 0.099600 -0.090800
0.183760 0.099200 -0.081200
0.185440 0.099520 -0.074720
0.186160 0.099280 -0.070480
0.187200 0.099360 -0.066480
0.191120 0.105280 -0.061200
0.194960 0.114240 -0.054800
0.200400 0.127280 -0.049120
0.208000 0.154640 -0.038320
0.210640 0.176480 -0.028800
0.211200 0.201920 -0.018480
0.207040 0.231920 -0.009920
0.197440 0.268160 -0.000640
0.177520 0.309280 0.005280
0.150960 0.344240 0.005920
0.121440 0.373040 0.004160
0.090000 0.393360 0.001440
0.044400 0.412480 0.002000
0.013280 0.418560 0.006880
-0.013680 0.418480 0.014080
-0.034800 0.415920 0.022400
-0.048880 0.412640 0.033760
-0.063120 0.403920 0.048960
-0.080000 0.393600 0.062640
-0.097840 0.379920 0.077280
-0.112080 0.363360 0.092800
-0.125360 0.328320 0.119120
-0.128000 0.302560 0.136000
-0.126160 0.278480 0.150240
-0.123040 0.252560 0.162320
-0.118480 0.225680 0.169840
-0.117440 0.198880 0.173680
-0.113440 0.170480 0.175360
-0.106640 0.144400 0.174400
-0.096320 0.119840 0.172800
-0.083520 0.096880 0.167440
-0.056480 0.064480 0.157040
-0.030720 0.045600 0.146240
0.000000 0.029760 0.133520
0.031680 0.021360 0.117120
0.063200 0.016880 0.097440
0.092320 0.020400 0.077280
0.118480 0.027840 0.058160
0.142960 0.041520 0.037840
0.161840 0.055760 0.016400
0.180160 0.076160 -0.011440
0.188640 0.091600 -0.030560
0.194480 0.105520 -0.048400
0.195360 0.116640 -0.065280
0.194560 0.126160 -0.079600
0.193600 0.131040 -0.088640
0.190000 0.131680 -0.099680
0.183760 0.124160 -0.108720
0.178880 0.119280 -0.113760
0.177840 0.114560 -0.110960
0.178640 0.110320 -0.106160
0.178880 0.107040 -0.102320
0.180320 0.105520 -0.096240
0.183040 0.105520 -0.089520
0.186720 0.110080 -0.084640
0.192800 0.120960 -0.079520
0.200560 0.140000 -0.070560
0.207520 0.163200 -0.060480
0.211120 0.191840 -0.051600
0.206640 0.245600 -0.038160
0.193680 0.287840 -0.025120
0.171440 0.325440 -0.011440
0.144720 0.354800 -0.000640
0.110000 0.379840 0.010320
0.067600 0.398480 0.022240
0.022000 0.408960 0.033200
-0.020720 0.409600 0.042080
-0.058800 0.404720 0.048720
-0.091520 0.393760 0.053760
-0.099440 0.386640 0.061120
-0.108080 0.377280 0.072640
-0.119280 0.363440 0.086320
-0.131040 0.347840 0.097200
-0.139680 0.332400 0.108640
-0.146160 0.310800 0.119920
-0.152320 0.289120 0.132320
-0.152480 0.262480 0.144720
-0.144000 0.215120 0.161840
-0.133040 0.182720 0.169040
-0.118640 0.153280 0.173920
-0.103840 0.126080 0.174640
-0.088080 0.099040 0.169360
-0.069120 0.075280 0.163120
-0.046720 0.055280 0.153920
-0.020000 0.039520 0.142320
0.009680 0.025120 0.127200
0.041360 0.018000 0.108720
0.085040 0.016720 0.080160
0.110480 0.023120 0.061360
0.133440 0.034560 0.043440
0.153600 0.048240 0.025520
0.169680 0.064320 0.006400
0.182720 0.080480 -0.011680
0.191600 0.098000 -0.029440
0.197360 0.113440 -0.045840
0.198720 0.125040 -0.062000
0.196640 0.135680 -0.084960
0.192160 0.137120 -0.099440
0.186080 0.132080 -0.110800
0.181200 0.128080 -0.116480
0.179760 0.122240 -0.117040
0.177600 0.117600 -0.116080
0.173920 0.110320 -0.118160
0.171520 0.107520 -0.117280
0.172640 0.108160 -0.117280
0.188640 0.141600 -0.109440
0.195120 0.163760 -0.104080
0.198160 0.190640 -0.102480
0.197840 0.219600 -0.099920
0.193040 0.250240 -0.098640
0.183280 0.284240 -0.099440
0.165280 0.316640 -0.098800
0.144640 0.346320 -0.094160
0.107600 0.382320 -0.079680
0.080400 0.398960 -0.070880
0.049680 0.412640 -0.061920
0.016640 0.420720 -0.053200
-0.018400 0.423200 -0.044240
-0.053360 0.421600 -0.040320
-0.087600 0.413600 -0.036080
-0.112720 0.404560 -0.031920
-0.133120 0.394400 -0.032640
-0.156800 0.379600 -0.037280
-0.165200 0.373440 -0.037040
-0.168400 0.370800 -0.032400
-0.171200 0.368080 -0.028880
-0.174480 0.365600 -0.027120
-0.178880 0.359840 -0.025360
-0.183840 0.354640 -0.021840
-0.186560 0.353200 -0.015920
-0.187200 0.350320 -0.009200
-0.190160 0.346160 -0.002960
-0.190320 0.344160 0.004400
-0.186000 0.346960 0.013120
-0.172160 0.356640 0.027600
-0.146320 0.371840 0.042080
-0.112240 0.385040 0.055440
-0.070080 0.395360 0.064560
-0.022880 0.397280 0.069920
0.029040 0.391360 0.069280
0.085360 0.374720 0.060080
0.159760 0.322800 0.035680
0.192800 0.276240 0.015840
0.211360 0.223040 -0.006960
0.213760 0.175760 -0.032240
0.206800 0.139360 -0.049600
0.196880 0.115680 -0.058960
0.188800 0.099680 -0.066400
0.179840 0.083760 -0.073600
0.170560 0.071440 -0.077680
0.157760 0.055440 -0.082160
0.150000 0.049040 -0.085040
0.142960 0.041840 -0.087040
0.138640 0.038400 -0.088240
0.135520 0.036160 -0.088320
0.136160 0.036320 -0.086960
0.141600 0.039920 -0.083280
0.149840 0.046880 -0.078800
0.160400 0.056160 -0.072000
0.180800 0.082640 -0.054560
0.196240 0.106000 -0.037520
0.206240 0.138400 -0.015840
0.210160 0.177040 0.007920
0.203200 0.221200 0.033440
0.182720 0.267920 0.056560
0.152240 0.308000 0.073280
0.117040 0.339360 0.082560
0.077520 0.363440 0.086800
0.036400 0.379200 0.088560
-0.017520 0.388080 0.085760
-0.050800 0.387920 0.081360
-0.082640 0.383920 0.076560
-0.109040 0.377760 0.069920
-0.127520 0.368880 0.068000
-0.139200 0.362160 0.067680
-0.147360 0.354960 0.069760
-0.156080 0.345360 0.073120
-0.167120 0.336080 0.075040
-0.181760 0.316720 0.078400
-0.187440 0.306240 0.082720
-0.189760 0.298400 0.087440
-0.193360 0.290240 0.088560
-0.196720 0.285440 0.087040
-0.200400 0.280320 0.086160
-0.203120 0.275360 0.086080
-0.204480 0.273120 0.086080
-0.202240 0.271760 0.089520
-0.200000 0.271440 0.093040
-0.201520 0.268640 0.092320
-0.201040 0.266880 0.095040
-0.200480 0.265360 0.096400
-0.198400 0.262480 0.099200
-0.197600 0.262480 0.102000
-0.196880 0.260000 0.102640
-0.196000 0.259600 0.105040
-0.193680 0.260000 0.107840
-0.191200 0.259280 0.110400
-0.190480 0.257040 0.111520
-0.190400 0.256960 0.111760
-0.188720 0.255360 0.114080
-0.186880 0.253760 0.117120
-0.182640 0.253440 0.122000
-0.179280 0.251360 0.125120
-0.176800 0.252720 0.126720
-0.175280 0.253200 0.128640
-0.174880 0.248800 0.129680
-0.177200 0.241200 0.131440
-0.176800 0.235600 0.133040
-0.176080 0.230640 0.135040
-0.175360 0.222880 0.136960
-0.177280 0.212640 0.138000
-0.177760 0.199840 0.138000
-0.178800 0.189840 0.138640
-0.179680 0.175280 0.138240
-0.179120 0.160560 0.136960
-0.175840 0.133280 0.134720
-0.175440 0.116880 0.128720
-0.174640 0.100720 0.121280
-0.173920 0.084960 0.113200
-0.170880 0.072240 0.105520
-0.167120 0.062480 0.102720
-0.164800 0.058480 0.099440
-0.165520 0.056000 0.098480
-0.167600 0.057760 0.098560
-0.170240 0.064800 0.100880
-0.175120 0.078320 0.105680
-0.180720 0.090640 0.110640
-0.185600 0.100880 0.111280
-0.187280 0.113440 0.115920
-0.187440 0.127280 0.122960
-0.190720 0.143360 0.124240
-0.196320 0.154640 0.119600
-0.205120 0.164640 0.112160
-0.213280 0.177280 0.102880
-0.220720 0.198160 0.090960
-0.223520 0.210960 0.085520
-0.225120 0.220480 0.079840
-0.227200 0.231600 0.071840
-0.228880 0.241280 0.064240
-0.228800 0.248640 0.057040
-0.230960 0.257680 0.045600
-0.231520 0.262560 0.037280
-0.230400 0.268720 0.033680
-0.228320 0.276480 0.031760
-0.224480 0.282960 0.032960
-0.219920 0.292800 0.032400
-0.214720 0.302480 0.029760
-0.209120 0.313680 0.024000
-0.204160 0.323120 0.019760
-0.197440 0.332400 0.012320
-0.190800 0.343760 0.002160
-0.179840 0.354880 -0.008080
-0.170000 0.364560 -0.020320
-0.153360 0.376720 -0.038640
-0.144320 0.382400 -0.047440
-0.137760 0.386880 -0.048720
-0.134400 0.388640 -0.042880
-0.133920 0.390160 -0.030160
-0.133280 0.390160 -0.009520
-0.130000 0.389040 0.016080
-0.125120 0.382320 0.045920
-0.119680 0.370080 0.076080
-0.105680 0.339680 0.120960
-0.093280 0.311200 0.147760
-0.079280 0.278400 0.170480
-0.063520 0.239280 0.184240
-0.044560 0.200880 0.192880
-0.023280 0.163360 0.192720
-0.005200 0.123360 0.183760
0.010480 0.087760 0.169360
0.022560 0.057200 0.150560
0.029120 0.022080 0.118880
0.024720 0.004640 0.099120
0.018320 -0.009440 0.079280
0.009520 -0.020480 0.060160
-0.001360 -0.028880 0.042320
-0.013840 -0.033200 0.028160
-0.028080 -0.036480 0.013760
-0.041440 -0.037520 -0.001200
-0.052640 -0.037040 -0.017040
-0.062240 -0.035520 -0.035280
-0.078480 -0.027680 -0.064000
-0.096640 -0.018000 -0.079840
-0.118960 -0.003520 -0.090320
-0.136800 0.006240 -0.091200
-0.152960 0.016080 -0.087840
-0.168720 0.027920 -0.085120
-0.210640 0.071920 -0.076640
-0.229600 0.102640 -0.071280
-0.237760 0.122480 -0.070080
-0.243680 0.143680 -0.068480
-0.248560 0.168400 -0.064880
-0.251040 0.196080 -0.060640
-0.249440 0.225040 -0.055520
-0.243360 0.256400 -0.053520
-0.233200 0.283680 -0.054480
-0.221760 0.305440 -0.054640
-0.207360 0.328240 -0.055760
-0.183520 0.355360 -0.054800
-0.168160 0.369280 -0.054080
-0.153360 0.378400 -0.052320
-0.145760 0.384480 -0.048880
-0.144400 0.387200 -0.037920
-0.146560 0.383920 -0.018240
-0.149440 0.380720 0.003120
-0.146480 0.376480 0.025120
-0.144000 0.371280 0.046800
-0.131200 0.361680 0.078160
-0.121760 0.349840 0.100000
-0.109760 0.333760 0.124160
-0.095600 0.309520 0.148000
-0.078720 0.282640 0.167120
-0.059680 0.251840 0.182080
-0.038880 0.216560 0.190560
-0.018000 0.178080 0.193520
0.003280 0.141600 0.189040
0.036960 0.098160 0.169760
0.053600 0.075040 0.153680
0.064560 0.054400 0.136000
0.070320 0.035760 0.116880
0.073120 0.020560 0.096720
0.073440 0.004880 0.077680
0.070640 -0.006480 0.059440
0.064880 -0.014240 0.041360
0.057120 -0.022320 0.027520
0.047280 -0.027840 0.014480
0.031280 -0.034560 -0.003680
0.022240 -0.036720 -0.019040
0.016560 -0.038400 -0.034800
0.009120 -0.035920 -0.049680
-0.000240 -0.034800 -0.065680
-0.016400 -0.030320 -0.078160
-0.037360 -0.026560 -0.089280
-0.056800 -0.020800 -0.096640
-0.076800 -0.014480 -0.101040
-0.109120 -0.001120 -0.104560
-0.128640 0.009760 -0.104960
-0.146560 0.022240 -0.104560
-0.160000 0.033440 -0.104240
-0.172640 0.045200 -0.104880
-0.188320 0.062000 -0.103600
-0.205440 0.084480 -0.100560
-0.220800 0.110960 -0.097440
-0.232960 0.143680 -0.092080
-0.241200 0.196320 -0.084720
-0.238800 0.231440 -0.082080
-0.230160 0.264800 -0.083200
-0.217280 0.292400 -0.085120
-0.200880 0.316000 -0.089440
-0.184880 0.332480 -0.096240
-0.171600 0.344000 -0.104000
-0.158800 0.350320 -0.113600
-0.151360 0.350400 -0.121200
-0.149040 0.348080 -0.126400
-0.149360 0.345680 -0.131040
-0.151280 0.343600 -0.132560
-0.155280 0.339360 -0.131120
-0.162640 0.335360 -0.128960
-0.171920 0.329360 -0.125440
-0.182160 0.322880 -0.118880
-0.193120 0.316640 -0.108960
-0.203760 0.309840 -0.096000
-0.215280 0.300160 -0.083200
-0.234160 0.274720 -0.065440
-0.243600 0.244640 -0.056000
-0.251920 0.214240 -0.047360
-0.253440 0.181600 -0.038880
-0.251120 0.150800 -0.030880
-0.244160 0.118560 -0.019840
-0.229680 0.085920 -0.004560
-0.208160 0.054160 0.013520
-0.178880 0.027360 0.033280
-0.124000 0.000160 0.060960
-0.086240 -0.008080 0.074480
-0.054960 -0.011760 0.080800
-0.028320 -0.012160 0.083440
-0.000960 -0.010080 0.081920
0.022320 -0.007840 0.081120
0.043680 -0.002640 0.078080
0.062480 0.005200 0.076640
0.084400 0.014720 0.073600
0.105600 0.027120 0.066880
0.134160 0.044720 0.055200
0.151920 0.063040 0.048880
0.165440 0.083200 0.048960
0.174400 0.104320 0.054720
0.178000 0.127520 0.066080
0.176400 0.149200 0.078400
0.171840 0.171440 0.092720
0.161920 0.192880 0.105680
0.149040 0.214880 0.119280
0.119680 0.247760 0.137760
0.093840 0.267840 0.146480
0.065520 0.283840 0.154320
0.034560 0.296320 0.159520
0.002640 0.303440 0.159520
-0.028400 0.307840 0.159120
-0.059760 0.312720 0.153760
-0.087760 0.317200 0.143760
-0.114480 0.323200 0.128640
-0.148640 0.328160 0.100160
-0.166000 0.331600 0.078400
-0.177440 0.336960 0.055120
-0.182400 0.343840 0.034240
-0.186720 0.345840 0.011600
-0.190080 0.348240 -0.008480
-0.188240 0.350000 -0.029040
-0.183040 0.353680 -0.045760
-0.176000 0.357680 -0.061760
-0.164880 0.362560 -0.077680
-0.146880 0.364960 -0.101360
-0.134400 0.368080 -0.111520
-0.124960 0.372160 -0.115360
-0.115520 0.377920 -0.112640
-0.110720 0.383440 -0.106960
-0.106160 0.388560 -0.101040
-0.104160 0.391680 -0.094240
-0.106080 0.393600 -0.081920
-0.112720 0.394640 -0.071280
-0.129360 0.388640 -0.055760
-0.143920 0.381440 -0.048400
-0.160000 0.371200 -0.044800
-0.174240 0.358800 -0.046800
-0.190640 0.341040 -0.053520
-0.205360 0.321600 -0.060800
-0.217920 0.298240 -0.070000
-0.228880 0.274320 -0.075520
-0.235760 0.247200 -0.079120
-0.240400 0.217440 -0.083040
-0.242640 0.172640 -0.081520
-0.238560 0.141840 -0.078640
-0.228720 0.110160 -0.075520
-0.216480 0.079520 -0.071440
-0.199600 0.051600 -0.064080
-0.181120 0.026720 -0.054240
-0.164080 0.008080 -0.041760
-0.147200 -0.004080 -0.028560
-0.129440 -0.015680 -0.016560
-0.095840 -0.028800 -0.001680
-0.072080 -0.034720 0.006240
-0.045120 -0.037600 0.016880
-0.017520 -0.036080 0.028080
0.008320 -0.030560 0.037920
0.032080 -0.024560 0.047920
0.055200 -0.014400 0.054880
0.077920 -0.001920 0.057520
0.099520 0.011840 0.058240
0.124800 0.036160 0.065280
0.134480 0.052560 0.074640
0.140720 0.068720 0.085200
0.141440 0.085920 0.098560
0.138880 0.105200 0.112080
0.134640 0.122880 0.126000
0.129040 0.142160 0.136560
0.119840 0.160800 0.147120
0.107440 0.179280 0.156320
0.089040 0.198560 0.165520
0.055680 0.227120 0.178160
0.030320 0.242800 0.179840
0.006480 0.254080 0.181200
-0.017760 0.262880 0.180400
-0.040640 0.268080 0.178000
-0.063520 0.272400 0.173440
-0.085760 0.275040 0.166640
-0.106000 0.281760 0.157680
-0.124560 0.286400 0.146960
-0.149200 0.298720 0.123520
-0.179360 0.327600 0.068400
-0.183600 0.332880 0.052160
-0.181840 0.343600 0.037200
-0.177280 0.354720 0.021360
-0.172480 0.363280 0.004560
-0.168480 0.369280 -0.011680
-0.159680 0.377200 -0.027760
-0.154960 0.380640 -0.031680
-0.149840 0.382880 -0.032000
-0.145520 0.386640 -0.031440
-0.139200 0.390640 -0.031440
-0.134880 0.392960 -0.030960
-0.131840 0.395040 -0.031040
-0.129120 0.395600 -0.030800
-0.127280 0.397040 -0.030400
-0.126240 0.396000 -0.033120
-0.127040 0.395600 -0.038720
-0.130160 0.393920 -0.042560
-0.135840 0.389920 -0.044720
-0.143600 0.385120 -0.046400
-0.151520 0.378000 -0.045840
-0.167680 0.368160 -0.046000
-0.184400 0.352240 -0.048480
-0.200400 0.333920 -0.051040
-0.213840 0.315440 -0.054960
-0.230880 0.283040 -0.060720
-0.239280 0.254640 -0.063600
-0.246320 0.223120 -0.067680
-0.246560 0.188320 -0.074000
-0.240640 0.155360 -0.083280
-0.228400 0.122240 -0.093120
-0.211200 0.095440 -0.103760
-0.190240 0.070880 -0.113920
-0.166240 0.049920 -0.124160
-0.130640 0.029680 -0.132160
-0.112640 0.016080 -0.127920
-0.097520 0.001200 -0.117360
-0.084080 -0.011840 -0.102560
-0.076960 -0.020080 -0.086640
-0.073600 -0.026240 -0.070880
-0.068240 -0.031840 -0.058320
-0.061760 -0.034800 -0.045440
-0.052560 -0.037600 -0.034480
-0.041280 -0.040080 -0.027360
-0.026240 -0.040000 -0.016000
-0.020880 -0.041280 -0.010400
-0.014880 -0.040720 -0.008560
-0.008640 -0.040160 -0.008720
0.003360 -0.039120 -0.011600
0.016000 -0.037840 -0.013120
0.024960 -0.037360 -0.014640
0.032080 -0.034880 -0.016080
0.042160 -0.032640 -0.022960
0.056400 -0.026720 -0.035760
0.062560 -0.023520 -0.043840
0.065520 -0.022320 -0.050880
0.067760 -0.018800 -0.057840
0.069680 -0.016560 -0.064080
0.070080 -0.015040 -0.069040
0.069280 -0.014320 -0.074000
0.067920 -0.014160 -0.076560
0.067200 -0.013280 -0.076960
0.064320 -0.014960 -0.078400
0.066080 -0.015120 -0.075920
0.066400 -0.014720 -0.073680
0.066560 -0.016320 -0.070880
0.064000 -0.017760 -0.066240
0.057760 -0.021600 -0.058480
0.052160 -0.024960 -0.049200
0.044800 -0.029600 -0.040400
0.034480 -0.031840 -0.035680
0.021200 -0.036400 -0.033120
-0.006480 -0.039360 -0.029920
-0.023360 -0.039200 -0.030480
-0.039760 -0.039840 -0.031360
-0.056880 -0.036240 -0.032880
-0.076160 -0.032560 -0.035920
-0.098720 -0.025120 -0.037920
-0.122000 -0.015680 -0.040000
-0.143440 -0.003360 -0.039440
-0.163520 0.010160 -0.042160
-0.189600 0.035280 -0.047120
-0.205360 0.053840 -0.050720
-0.219680 0.076640 -0.051920
-0.231200 0.099520 -0.056640
-0.239680 0.122720 -0.061600
-0.244960 0.150480 -0.065040
-0.247280 0.178000 -0.066720
-0.247360 0.209200 -0.071040
-0.241920 0.240640 -0.073760
-0.228160 0.279200 -0.082400
-0.214160 0.302000 -0.090080
-0.198560 0.321440 -0.096160
-0.181280 0.338560 -0.103360
-0.161920 0.353200 -0.111360
-0.141120 0.363440 -0.122640
-0.121680 0.366560 -0.135360
-0.107680 0.366720 -0.145680
-0.100640 0.369200 -0.146240
-0.106800 0.371680 -0.138080
-0.120960 0.378080 -0.117280
-0.128480 0.383040 -0.098880
-0.132880 0.387840 -0.077520
-0.132560 0.392640 -0.053680
-0.129200 0.394960 -0.029440
-0.125200 0.396960 -0.007520
-0.117200 0.396880 0.014000
-0.100880 0.398160 0.032480
-0.083520 0.397520 0.051440
-0.053040 0.391200 0.075680
-0.030640 0.383680 0.089200
-0.007040 0.371040 0.105840
0.014400 0.355040 0.119600
0.035920 0.340960 0.126560
0.058240 0.323760 0.132480
0.079600 0.302960 0.136800
0.097040 0.274160 0.140720
0.112400 0.244720 0.143280
0.125200 0.195520 0.142400
0.128480 0.165760 0.139360
0.126800 0.137760 0.134000
0.122160 0.113520 0.131680
0.111280 0.093520 0.129120
0.099680 0.072800 0.126720
0.085600 0.054880 0.123120
0.069440 0.039920 0.119760
0.051600 0.026080 0.115120
0.039040 0.012160 0.107040
0.016560 -0.003520 0.094000
0.002240 -0.012800 0.084800
-0.013040 -0.017200 0.075520
-0.029840 -0.024000 0.065120
-0.041520 -0.027680 0.051840
-0.050240 -0.031440 0.035280
-0.062480 -0.033680 0.020000
-0.079680 -0.031040 0.011840
-0.100960 -0.025600 0.004720
-0.121200 -0.017920 -0.008320
-0.130000 -0.013680 -0.017600
-0.134080 -0.010160 -0.023360
-0.131760 -0.012400 -0.025920
-0.126960 -0.015040 -0.024160
-0.119920 -0.018640 -0.017200
-0.110560 -0.023440 -0.009040
-0.098000 -0.025920 0.008720
-0.083920 -0.027280 0.028800
-0.059920 -0.024160 0.057360
-0.036240 -0.021120 0.072640
-0.010960 -0.016720 0.080960
0.015280 -0.009520 0.088240
0.042400 0.001840 0.094160
0.063920 0.015680 0.101200
0.081280 0.032640 0.110080
0.093520 0.051280 0.118560
0.104160 0.075120 0.129200
0.110160 0.097840 0.136480
0.112560 0.130160 0.148560
0.107520 0.152560 0.155600
0.097920 0.176640 0.163680
0.087120 0.202160 0.170000
0.073040 0.223600 0.172000
0.058160 0.243040 0.174640
0.039120 0.259920 0.174320
0.017360 0.278240 0.172000
-0.005040 0.297840 0.165360
-0.038800 0.323200 0.149040
-0.058800 0.337440 0.135680
-0.078960 0.349120 0.121040
-0.097120 0.360000 0.100160
-0.114880 0.368960 0.078160
-0.127200 0.375360 0.054560
-0.135120 0.381120 0.030960
-0.140480 0.384000 0.005520
-0.143760 0.386080 -0.021840
-0.134560 0.386480 -0.064000
-0.119680 0.386320 -0.092320
-0.101440 0.384960 -0.114720
